xml,extend abstract,workshop,name,weight,transmiss,use applic,guest introduct,autonomi,use transform,use agent,virtual realiti,versu,among,user interfac,vlsi,stabil,valid model,satellit,symmetri,vehicl,intuitionist,mpeg,provis,perturb,workbench,clinic,problem network,itemset,learn algorithm,string,gener framework,block network,comput function,window,varianc,summari,realist,visualis,techniqu network,toward model,workflow system,storag retriev,valu decomposit,data transmiss,adapt network,coordin system,two convex,mpeg compress,toward databas,adapt hypermedia,cdma system,speech recognit,file system,video segment,model studi,tool program,tool learn,tool techniqu,video applic,decis system,video sequenc,high speed,knowledg case,gener analysi,planar graph,classifi system,unifi approach,toler system,perform server,relat structur,framework simul,tempor logic,probabl network,studi support,fast recognit,debug program,transit system,comput block,multimedia inform,java virtual,deploy system,rout protocol,linear time,use character,use depend,use intellig,use domain,use logic,person use,network manag,maximum graph,process descript,analysi access,test system,document use,side,design base,portabl,uniqu,simultan,roadmap,profil,transduc,invit,loop,deliveri,quantiz,chemic,wdm,homomorph,coupl,wrapper,affin,root,year,emul,receiv,phone,uniform,remov,virtuellen,trust,surviv,ration,provid,diagnost,trend,conform,crossov,causal,vote,design algorithm,effici queri,unit,router support,review system,templat,support distribut,effici object,method problem,warehous,softwar environ,static analysi,structur motion,web base,analyz system,multistag network,cmo,contract,quantifi,possibl,collis,school,persist,skeleton,warp,movement,trade,reusabl,phylogeni,robocup,contextu,intension,nest,distribut resourc
1.0,0.9954779373983164,0.9977054052070208,0.9963689302555235,0.9976959316706939,0.9981728697036999,0.9952036319982208,0.9969101318835241,0.9963662671489469,0.9977157802215139,0.995734284206448,0.9958687388545041,0.9974228480909724,0.9938609055002476,0.9931619973927717,0.995386467516172,0.9981073002813974,0.9961458282797143,0.9960608745869955,0.9956922113501419,0.9934579740001735,0.99221930578226,0.9938665781999555,0.9959488460592444,0.9957092511068323,0.9972572853367172,0.9939123590131848,0.9952860074818222,0.9933200732404979,0.9934984924341755,0.9956272407590953,0.9944077326032703,0.9956237539742655,0.9938389089821026,0.9977187234085424,0.9955196537094062,0.9952852101707466,0.9941056037515728,0.9975926138844774,0.9954048811619198,0.9955657271073735,0.9956389369428668,0.9958952554262409,0.9938381784924525,0.9912813183523783,0.9958819332866,0.992058819464732,0.991918919792193,0.9924031328054023,0.993366297089109,0.9884184821819909,0.9939747712746806,0.9934737208174743,0.9937531151667318,0.9955103004408793,0.9936372706155533,0.9927282743567377,0.9936786602862218,0.9935448290268268,0.9952285706276999,0.9928310908205904,0.9934814382886092,0.9907281745824601,0.9910836653605758,0.9940757927659727,0.994256360945481,0.9937579659876513,0.9955388650837608,0.9944294961066403,0.9934948785725434,0.99373910437917,0.9935814988148972,0.9919302464776195,0.9933887391373281,0.9939329655255821,0.9924312931963657,0.9934690666570667,0.9936163978711091,0.994216714774676,0.9938929793377704,0.9941464189765579,0.993756618832926,0.9936957997626524,0.9960889017206305,0.9957048344285435,0.9935549837307652,0.9955045269733387,0.9929861209394912,0.9951201372184663,0.9937745770990154,0.9939446969937988,0.9930615589620395,0.9903954159462337,0.9939997604005573,0.9932291265868572,0.9925710308034812,0.9959150369825832,0.9932380926982791,0.9937345475762079,0.9956929998523417,0.9957976097419928,0.9890611543885385,0.9940949780190521,0.9941578746125561,0.9940667073491919,0.9943971587113271,0.9901332958977623,0.9938718416495376,0.9956648111892166,0.9938369585244312,0.9916841648693485,0.9937247281398751,0.9936802061361304,0.994658632888522,0.991412463620439,0.9953535099165941,0.9909822755188591,0.9940424623633001,0.9913993594784372,0.9962858349234658,0.991814694708528,0.9951927012188998,0.9958084196749862,0.9951192695270213,0.992273909507086,0.9937033679358435,0.993649858591313,0.993961595509335,0.9925671953756015,0.9903644028798054,0.9916564080644474,0.9933342905561546,0.995774693896931,0.992504390563574,0.9936658131787984,0.9915749530470183,0.9925877537792618,0.9943869471001483,0.9938967771071242,0.991771714870865,0.9913806913232694,0.9953433952556135,0.9911780477540711,0.9927977936673485,0.9916332854499835,0.9976570325079757,0.9926326303832916,0.9908042852475251,0.9919237974194249,0.9939248325334711,0.9912033757953855,0.9934954348708541,0.9926624735658913,0.9915767487278594,0.9907713778254148,0.9908689186708519,0.993317739017487,0.9903351829905419,0.9961700507003737,0.9925426822896964,0.9938975140526771,0.9917366942790005,0.994310307136088,0.99273965292889,0.9929699565032196,0.9887427635711957
0.9954779373983164,0.9999999999999999,0.9924261733995329,0.9909785175134836,0.9982158574562126,0.9972951811584784,0.9885827645279095,0.9906957603966696,0.9893479476927117,0.9932171094142483,0.9902356483959027,0.9954437509805032,0.9921268122733172,0.9873477734118915,0.9931709542902757,0.9886380583661982,0.9932136481625776,0.995906306299318,0.9901728397281282,0.9887792555350945,0.9860665996338354,0.9900208768295831,0.9980356707601458,0.9898418610149065,0.9938658039133925,0.9924051422479153,0.9863833637983239,0.9898092138116593,0.9973571938597623,0.9856652930071483,0.9895250678378293,0.9910656342082161,0.9891650722884134,0.9868821855466005,0.9926157934750555,0.9946646555035757,0.9958535961228412,0.9930771507034534,0.9919127697793674,0.9890279552325473,0.9941689503335808,0.9954001073458962,0.9950880318897639,0.9935808513561347,0.9943071134939178,0.9899865895844783,0.9905653605454737,0.9948243972453299,0.9951926529304653,0.9918704177342673,0.9924655978813528,0.9858738494051574,0.9923266717638775,0.9858061713540026,0.99536191592197,0.9927395752562996,0.9859327985019787,0.9974349777912281,0.9856141300180061,0.9896589519769833,0.990309968650908,0.9927217171307857,0.9899701045127561,0.9818110949598694,0.9926180405252704,0.9925306670305095,0.9929465410231555,0.990159972578507,0.9930423848490928,0.9852334812957916,0.9867057975214161,0.9862483836032744,0.9902173856710851,0.9865381551875733,0.9860256834076027,0.9894670213451077,0.9930593229247311,0.9859814460552717,0.9868539070242035,0.9869629562029855,0.9930510362918862,0.9914375539217665,0.9857793655999777,0.9961840497903882,0.9891576926746855,0.9870518785734742,0.9894775935983838,0.9866940078829662,0.9892100462633211,0.986001341696741,0.9871841031201644,0.9856942634969162,0.9947748575686512,0.9930140364328458,0.9849521813464525,0.9845239321949649,0.9942757118764927,0.9857103900833493,0.9868020056712453,0.9894616275627984,0.9893378478201346,0.9859833545442775,0.9922077638217756,0.9972608033167041,0.9918670378763665,0.9914381880641737,0.981428905569304,0.9913386324139795,0.9902497768474517,0.9866150607857165,0.9822340005532552,0.9857234968916342,0.9874809657546649,0.9872255423704122,0.982555935046607,0.9894222191527065,0.9827748491460039,0.9927926688695625,0.9896531379185423,0.9902192432202112,0.9897796285413106,0.9952226371919524,0.9896330165274869,0.9882726929948402,0.9882043418653546,0.9928413437053869,0.9972339012891261,0.9867708407229008,0.990581396615816,0.986613588138556,0.9825886806101637,0.9862851232789849,0.9901196052818146,0.990682951005918,0.9908447495785189,0.9878438344796981,0.9899131018312329,0.9878851601599108,0.9863576445054585,0.991100398869865,0.9820950708539027,0.9893107783260182,0.9831263468149554,0.9857576619329625,0.9827812741146986,0.9924395578440324,0.9901936449651445,0.9811299441809255,0.9872647832518173,0.9929755797389804,0.983526351442015,0.986226134543102,0.990016173304543,0.9949328068842984,0.9812213638282915,0.9947530365650745,0.9856505652921147,0.9887475634316573,0.99438993554264,0.9972152768411188,0.9922856096461669,0.9888964084752293,0.9935558511751502,0.9926389915211448,0.9854375555633272,0.9783217899438006
0.9977054052070208,0.9924261733995329,1.0000000000000002,0.9937250703415281,0.9949230613756456,0.9960014068424359,0.9975698319740042,0.9941062963097301,0.9938144531694638,0.9957526729969712,0.9931237081520007,0.9934490026123004,0.9956221956570808,0.9908690013908146,0.9901685994243884,0.9976975036970592,0.9959300971862357,0.9935051381427867,0.9982626441290863,0.9929246935246792,0.9958255525759434,0.9938706793493766,0.9905163421548026,0.9934798715364052,0.9936340900048085,0.9953419298955307,0.9912338432496205,0.9978051003630641,0.9901907904999471,0.9956386585811856,0.9935237233147487,0.991307019826809,0.9934682289688295,0.9910847621593044,0.9958489063799474,0.9934434571385529,0.9928823918134172,0.9957268997015323,0.9956032868066401,0.9930124211301803,0.9933673348077339,0.9928713808967985,0.993429588432009,0.9908137507036108,0.9933757981963186,0.9931823921444748,0.9878967150650115,0.9882529326959172,0.9885548447315414,0.9909141897922074,0.9903662899298634,0.9909464665665864,0.9957107126861807,0.9961166287658713,0.9976086882213973,0.9901745129544942,0.9953949175068719,0.9902392612832203,0.995498499625309,0.9933780107899506,0.9891032384231438,0.9953752016037302,0.9928159004151869,0.9934254822168185,0.9910878408570748,0.9910026920084624,0.9907386761435519,0.9932863106736345,0.9912761213970432,0.991001939592372,0.9911403194651676,0.9907880322033229,0.9933830404551639,0.9911294536848175,0.9912891183466168,0.9887921635523496,0.9909793428475272,0.9957403330415407,0.9916255265882659,0.9912359405323834,0.9908415916678535,0.9960532955438476,0.9912085196802719,0.9934242017888288,0.9933564534498225,0.9912974091908949,0.9977573234584206,0.9954800842643877,0.9926128442148069,0.9905366214247562,0.9960182961298344,0.9908282160854276,0.9870923503543674,0.9912593735775205,0.9903398639774615,0.995073693843117,0.9982695503767436,0.9954018955723165,0.9904708029211197,0.9931422987645852,0.9933759502321782,0.9911548546437909,0.9913662314556487,0.9912188515542613,0.9962957921295147,0.9915077915270742,0.9927400633324966,0.9959502276968497,0.9936684702199219,0.9910807085567421,0.9883073419312999,0.9904276690454942,0.9961042654521663,0.9919417478035466,0.9883375429557404,0.9933662390072061,0.993408097657388,0.9913078687057305,0.9934510665348035,0.9940708492181966,0.9887998839802263,0.9927093698038966,0.998236866143426,0.9931228014958311,0.9944611758301974,0.990998807736821,0.9908234848835608,0.9963506612720598,0.9940664280188061,0.9921302263751781,0.9877285335016536,0.9953375668311565,0.9933372790154453,0.9892480830727736,0.9908987008573684,0.9888126052647694,0.9940168601261132,0.9919697556197123,0.9909251219449271,0.9937359757486941,0.9935652102484465,0.9975326410218371,0.9935250465450995,0.9953918539550083,0.9935618353751902,0.9953010978349296,0.9885080806916583,0.9931813768407219,0.9885748757527432,0.9960155574858538,0.9936723490763157,0.9904179159161665,0.9893683906709952,0.988258949614055,0.9927883161387974,0.9878102539794817,0.9905240285441209,0.9858070219316459,0.9933478223582664,0.9898381259922043,0.9958952982061201,0.993737262489869,0.9908697658379578,0.9950683740232686,0.9955440075840174,0.9908394359243221
0.9963689302555235,0.9909785175134836,0.9937250703415281,1.0000000000000002,0.9934540231658434,0.9946460549562308,0.9898586440285578,0.9957450956094476,0.9916882463714145,0.9981679091407036,0.9955334047938879,0.9908471837356194,0.9932132068345962,0.9928334957304277,0.9925084093883635,0.9910877655236868,0.9977642925208642,0.9914922215813945,0.9952506155080483,0.9908180516778252,0.98752437140795,0.9848780277273557,0.9926992958351254,0.9912434404922691,0.9911824270895564,0.9936282580889522,0.9877844482464181,0.9953310592975425,0.9883449988764595,0.988267295155836,0.990715698489097,0.9891715166520931,0.9905044387526529,0.9922370946283249,0.9939985746155371,0.996048235426275,0.9952847936376955,0.9884071806930651,0.9939914906023448,0.9900664982067995,0.9916519339751341,0.9908778389484829,0.9916843867014936,0.9929081118166637,0.9849697406866202,0.9946895382824253,0.9893104552127794,0.9849437722271656,0.9906861537330541,0.9933959292288275,0.9917430677533505,0.9882778690465398,0.987828385336524,0.9886556767317779,0.9911614519754726,0.9877983077175676,0.9917002001517221,0.9882265554235745,0.9880918334379222,0.9948203585482951,0.9863445308440555,0.988204871257797,0.9896992018075441,0.9845161282319788,0.9889570150495491,0.9887308386578095,0.9883349837749767,0.9953025960197166,0.9930560833328476,0.9877058015661211,0.9932910062150774,0.9874019250190611,0.9853004505833572,0.9922927569333196,0.9920536246664706,0.9852205774933269,0.9924351775008083,0.9923815162903611,0.9936807381735153,0.9973383566934189,0.9882727791429174,0.9889265218334409,0.9880549722913844,0.9952571473061559,0.9913787936537383,0.9925609947361881,0.9909328109008031,0.9925721863240017,0.9904207210401371,0.9919769731973553,0.9929239236085452,0.9921674093879517,0.9897205851516235,0.988234228626894,0.9870432442046306,0.987070344645969,0.9918007257154847,0.9870563792249906,0.9918335146786756,0.9907769813818926,0.9951036952786096,0.9866914541826354,0.988450767384652,0.9894977595270379,0.9931852018708889,0.993513526291565,0.9886390375063399,0.9887190652330826,0.9957375288449261,0.99305341041989,0.9845008886654704,0.9879112454831489,0.9971751822441687,0.9925010811524841,0.9893333168672871,0.9956021529057274,0.9901189887807796,0.9881127249140754,0.9904448555600835,0.9949589879114468,0.990164003546939,0.9908627155640533,0.9913106736787581,0.9904349153095918,0.9867114997439468,0.9933229291643405,0.9881733312785468,0.9920773018463319,0.9856788412259969,0.9824817302770885,0.9890167943346599,0.9878061522121655,0.994979504767602,0.9913527623840295,0.9878528935881477,0.9904408414623562,0.9860679814264528,0.9972073470820495,0.9925010072804319,0.9948230992302302,0.9888127767447435,0.9907271850758101,0.9891448022882523,0.9926179168241834,0.9896429189669561,0.9934544651635258,0.9899980919903523,0.9840389883451524,0.9851506379774516,0.9886815891407233,0.9900865151866705,0.987638080445567,0.985950714771055,0.9909865671789204,0.9837490476137674,0.9895756434746844,0.9869565920118628,0.9922893975826707,0.9914799695405355,0.9925377147118665,0.9889292554407563,0.9851260274224246,0.9924115188280853,0.992437634003669,0.9871669089574262,0.9859137927247776
0.9976959316706939,0.9982158574562126,0.9949230613756456,0.9934540231658434,1.0000000000000002,0.9960847202744478,0.9915766040631289,0.993660112080828,0.9928427985537144,0.9953500994944094,0.9930030463991416,0.9974270881130327,0.9944654840129614,0.9904994875235107,0.9954097868565204,0.9918308076193427,0.9954006751476553,0.9980874303694486,0.9927904835284559,0.9920507730395195,0.9894931081597695,0.9930432778447539,0.996260767695808,0.9929424608254618,0.9928762131616279,0.9947501875663178,0.990018954529836,0.9923774415844859,0.9958687413563868,0.9895013866118304,0.9923368453520425,0.9908467767745561,0.9921553326425273,0.9899622216503416,0.9950750467563452,0.9933406672838759,0.9975207809299331,0.9955548105183731,0.9946170074212279,0.9918145732836423,0.9931975519606175,0.9973513283850887,0.9973778526774393,0.9956896911568295,0.9929862679653492,0.9925727982532647,0.9934802999129914,0.9935521931559022,0.9941451382999257,0.990851435100412,0.9906747137607402,0.9897845692467419,0.9946906452425478,0.9896458269229603,0.997309496560687,0.9953303382249894,0.9889581095639481,0.9959212941131536,0.9893004639562063,0.9921031497316091,0.994090313710429,0.9952314994699529,0.9926026128422151,0.9861557349089278,0.9954919945083582,0.9953611113057957,0.995623490913534,0.9925945556910042,0.9956582529452674,0.9891206219243767,0.9901865914199478,0.9895869214985052,0.9932718823841984,0.9896941549129279,0.9895100928384002,0.9929014977933759,0.9951143527255344,0.9894487789337607,0.9904927094386444,0.9901425366379821,0.9957016878785776,0.9907848966861501,0.9895063621071173,0.9979224917282542,0.9923804687644616,0.9900473274037942,0.9924051930105998,0.9897255635766075,0.9920057094505512,0.9895389764887426,0.9903282966425262,0.9890416896417296,0.9931386357008043,0.9954599711689068,0.9887002176998552,0.988161549476043,0.9932988600395908,0.9890099346298599,0.9900135298743522,0.9924238469903736,0.9922821222458668,0.9896774241803485,0.9950086216112509,0.9961064332108532,0.9909047675827868,0.9909481625263213,0.9853922330299799,0.9906219454438845,0.9928587401261338,0.9899915958049512,0.9866534484192531,0.9896441847668267,0.990221683717394,0.9905495932723674,0.9865579540163194,0.9922170087542985,0.9867552284601467,0.9953803383005384,0.9926867752944533,0.9927853904767264,0.992812347463423,0.9971877544775821,0.9925987817958394,0.9913617535049999,0.9883346815843014,0.9953079993426366,0.9956710774757472,0.9898208052721542,0.9938098158851557,0.9907688988141599,0.9868949330276149,0.9896012716669077,0.992743314741434,0.9939274015835272,0.9901457759174962,0.9875819481820665,0.9933462608718984,0.990648641828289,0.9899532373019845,0.9934565190832534,0.9861973253628125,0.9920244885047179,0.9866516832559009,0.9890487537176433,0.986953611823615,0.9948541854798384,0.9934547712024117,0.985672208161715,0.9873878352823098,0.9955331694182181,0.9873351019667351,0.9898180168455502,0.9934718384367807,0.9937227665438845,0.9855214071546974,0.9930590704719258,0.9891403658633339,0.9919004917349058,0.9934743964120605,0.9952622607217453,0.995061962615931,0.9922846965728823,0.9957924146757182,0.9946444928716435,0.9888841261295995,0.9830444741826122
0.9981728697036999,0.9972951811584784,0.9960014068424359,0.9946460549562308,0.9960847202744478,1.0,0.9930637223688737,0.994801845062103,0.9938340928809459,0.996502741631807,0.9937964286386098,0.994630808631771,0.9961702014774587,0.9919495337858103,0.9916712671037367,0.9933028597119251,0.9968676010184745,0.99474041746841,0.9945163502445054,0.993404576784521,0.9912958546291377,0.9900871720794763,0.9959102030459862,0.9940380261829379,0.9976620500876467,0.9961378190667958,0.9915770879847127,0.9937802478252545,0.9953196850335025,0.9908452458939829,0.99411418734548,0.9955023082764739,0.9938595673744306,0.9919456071575642,0.9965123805087966,0.9977991362699016,0.9943739749000537,0.9924821694282714,0.995903752524754,0.9938374541296897,0.997648247164318,0.9945690541683466,0.9944451819579447,0.9926547127679857,0.9932795173759976,0.9944844933829653,0.9899325061926856,0.9937362760823661,0.9937218424877933,0.9955294584933544,0.9909691640810656,0.991366294421914,0.9921237410388418,0.991343273017389,0.9944111035074944,0.9918425803325618,0.990969336952576,0.9956212441178234,0.9911699995916508,0.9940686646980869,0.9898406767887408,0.9918691736855535,0.9891990023969952,0.9882018985899528,0.9920795681978076,0.9922651654687358,0.9920705169532358,0.9944718470619895,0.9925273083404389,0.9909139155218484,0.9914800329392476,0.9916599665763967,0.9899104690427178,0.9916626810288662,0.9916121507352446,0.9897918371182257,0.9923674338981514,0.9913603260810798,0.9918011442684493,0.9918692261919845,0.9924191022611848,0.9954775048573784,0.9912912055261439,0.9951167309064133,0.9936493429102234,0.9920045636825157,0.9936857274398007,0.9913487482413639,0.9937066550607399,0.9913468887720043,0.9919271382511979,0.9910191202907437,0.9926998721169481,0.9925518769820465,0.9906356022140257,0.9902931533746525,0.9976987833962264,0.9912864633783852,0.9917697209987393,0.99405224243567,0.9939494738854661,0.986317030807031,0.9921371056759946,0.9958775863847705,0.9960179987908252,0.9957265607009756,0.9875898685842899,0.9957282017418754,0.9944461722434891,0.9917639911340482,0.9885940915138813,0.9908694121919621,0.9922479478146462,0.9925751156276269,0.9887495059736563,0.9938317372527364,0.9885354640403665,0.9924333242465799,0.98930011362577,0.9948905858923794,0.9896651021107944,0.9941908757890461,0.9941375115411529,0.9932873389406969,0.9932931595723284,0.992112978819171,0.9957336399266127,0.9922290387400722,0.9903256581974342,0.9871625853952408,0.988472717253668,0.9915119650149731,0.9943776045303117,0.9902054339481741,0.9954299919735197,0.9928564141031164,0.99002677217115,0.9928861981611534,0.9914303427653082,0.9903406881737687,0.9885426865897998,0.9940250104304268,0.989204022870166,0.9909550429595493,0.988765345302821,0.9962384581998442,0.9900201666249459,0.9876830298618048,0.9927764193899595,0.9924435620657273,0.9890164470375609,0.9913189587738523,0.9901133107172674,0.9932888379024329,0.9878657974665632,0.9931708408108303,0.9912294200623564,0.9880662568579752,0.9978003966748686,0.9951380459526857,0.9920594159309107,0.9892497397040438,0.9928831864673804,0.9918300515202412,0.9910067703567359,0.9854871209999656
0.9952036319982208,0.9885827645279095,0.9975698319740042,0.9898586440285578,0.9915766040631289,0.9930637223688737,1.0000000000000002,0.990558008565788,0.9910064957087648,0.9928032092453999,0.9892504168432983,0.9946796165838974,0.9974610025785204,0.9864763783392009,0.9853503791516652,0.995130343249636,0.992591566414862,0.9899733444443795,0.9949640838787945,0.9898333802972159,0.9974694824090772,0.9952450240745351,0.9856825964532389,0.9899407010067313,0.9953091134886822,0.992010635383212,0.9926531822925316,0.9949084003167196,0.9853984510884639,0.9921729350774228,0.9947432987844894,0.9877066691074731,0.9954662690791823,0.9926212199770791,0.9931608406081648,0.9900177848796823,0.9890629666099037,0.9919309959908319,0.9929497942872393,0.9946423548815695,0.9895324899417577,0.9890589176350684,0.9899294137939336,0.9864498632542903,0.9947573011787866,0.9893377349124324,0.9819497409417731,0.9890606029902677,0.9834175138820529,0.9865078167280965,0.9846976732077056,0.9876188199952991,0.9972192851960827,0.993348093491817,0.9943289825115665,0.9853878390613974,0.9974721324927711,0.9858772873995781,0.9924558301644696,0.9950100170381566,0.9843196974559469,0.9911570222879302,0.9879532563303562,0.9950978888910743,0.9866612054215685,0.9869810079855212,0.9862430279652515,0.9898635219716644,0.9868042502031616,0.9930796437058613,0.9871024188951619,0.9917691896828217,0.9885429830412901,0.992928997395497,0.9925914478224955,0.989866491073367,0.9919460141831832,0.9922513340123191,0.9883097211305927,0.9871801116364691,0.9867584141932815,0.9922236987868717,0.9925049550646866,0.9891971103260302,0.9898592612647419,0.9922939349046543,0.9944603762642046,0.9916411840664797,0.9887834789051638,0.9864753071730106,0.9926272413659373,0.9925615034018421,0.9816091695985518,0.9917992614744193,0.9921067551211513,0.9973313446727817,0.9953869228941513,0.9974069279940988,0.985635892955896,0.9899968541769906,0.9898483156777098,0.9926359011710436,0.9926305882727307,0.9871863749197574,0.9924577825487381,0.9874306703217407,0.9948883534015884,0.9925674868113648,0.9905189995957998,0.9874802333599241,0.9894075931514911,0.9863956242822198,0.9922698045816825,0.9933442886141339,0.9899150629073846,0.9902519076257044,0.9893517483889358,0.992618417128869,0.9894255361241111,0.9952983773826248,0.9898675806348505,0.9885106036826059,0.9956330488421172,0.9949842374643514,0.9903986210165864,0.9869734789579284,0.9918693563836787,0.9979208882757611,0.989973527540981,0.9931397935613641,0.9825917933927097,0.9915153045841486,0.9890966863010597,0.9849051601607693,0.9923764773517291,0.9904285135639023,0.9900071298000328,0.9930017470673838,0.9864438668566529,0.9888549628622101,0.9952660674396331,0.9946295740645805,0.9953440618547928,0.9923252234293782,0.9890442088847547,0.9923575512484221,0.9833896716653728,0.9957095756360076,0.9901901063327576,0.9924996560480625,0.98953523245371,0.986323083384235,0.9899876659942816,0.9836117867767309,0.9949218673847408,0.9886007646410472,0.9922969306917507,0.9790192287337652,0.9899422640679744,0.985460129568869,0.9924361295130226,0.9954020171392599,0.9860481689905399,0.9912499110566341,0.9978760009219293,0.9928648794903079
0.9969101318835241,0.9906957603966696,0.9941062963097301,0.9957450956094476,0.993660112080828,0.994801845062103,0.990558008565788,1.0000000000000002,0.9957391763819058,0.9942882575258825,0.9913957322919141,0.991451121975812,0.9941332712179789,0.9892564342471095,0.9879566001232608,0.9914023845851543,0.9983999998445559,0.9953062126971539,0.9956877543545897,0.9918716881490254,0.9884513414312978,0.985895631295043,0.9924692863120531,0.9956017535157714,0.9917045237480185,0.9944362576302983,0.9927222086519795,0.9909868560877303,0.9883060953258499,0.9887350450116156,0.9918429014912009,0.9898282561968078,0.994991756163608,0.9888074264765369,0.9979747417429634,0.9915728300931723,0.9909573833225058,0.9890851437045933,0.9945076839055922,0.9915640204231703,0.9920632745382968,0.9917808216726897,0.9919256576228852,0.988948325888905,0.9848834408824354,0.9959415887535704,0.9904275094236806,0.9856969945091794,0.9903189506936503,0.9888049154719826,0.9855379150930722,0.9931260872073366,0.9882772486129209,0.9927119821918106,0.9912767804977172,0.9888499133314942,0.98747458565869,0.988628133569318,0.9890120198867093,0.9911845896934276,0.9906483660210098,0.9884492617468579,0.9847257075884088,0.9853658449870393,0.9893335460915554,0.9895249399701707,0.9925405945543411,0.9919639052016274,0.9932805428261055,0.9922638176800055,0.9890590620153208,0.9891468557537575,0.9861869149588232,0.9920894212174022,0.9929455394414095,0.9863133620348313,0.9882149407842301,0.9927442210944843,0.9929684045599285,0.9929935717614392,0.9929141585295829,0.9890658984186642,0.9890872872662619,0.9956100966587942,0.9920705737280422,0.9888362756812358,0.9915066000357208,0.9882314515406975,0.9918187882544778,0.9931253562712966,0.988869722745947,0.9881650077765478,0.9843627487382834,0.9890622106655773,0.9884359277836618,0.9877302392838232,0.9917579760445533,0.9884070313693482,0.9932831164440153,0.9955244627730223,0.995680540584641,0.9813283108604952,0.9889590859740452,0.9892410896519921,0.9931939611408291,0.9936249153916834,0.9840810435639495,0.9893345279069737,0.9952891112635778,0.9893232654801624,0.9861523583113188,0.9891723598396258,0.9926949125942983,0.9972997544855726,0.9855910964265461,0.9916087936212876,0.9854347767358486,0.9924748532578864,0.985191633921962,0.9959545263686034,0.9854751440427684,0.9913772700969818,0.9952920965992816,0.991286040482814,0.9867408935569629,0.9886932874025708,0.9883094134570453,0.9928934379133975,0.9903811338034073,0.9829278384860746,0.9903716015830426,0.9890384436005618,0.995833450162626,0.9902154011333976,0.9889787829445333,0.9855226265995313,0.98663478496909,0.9932911577374446,0.9932324955087379,0.9896308397664313,0.9894929784594556,0.9917727397584584,0.9853308412217746,0.9881461824170763,0.9901714575083367,0.994606663866066,0.9908005738351618,0.9886559439631564,0.9861443865944646,0.9925147542839022,0.989405492926707,0.9928302215580083,0.9866395181708584,0.9853464492727498,0.9850040209249508,0.9843913263793922,0.9922831737774545,0.9877441442011816,0.9922158964363684,0.9874487407681208,0.9889440332914329,0.9853991868742475,0.9933549618314985,0.9877311032531844,0.9916996280485194,0.9815834615995015
0.9963662671489469,0.9893479476927117,0.9938144531694638,0.9916882463714145,0.9928427985537144,0.9938340928809459,0.9910064957087648,0.9957391763819058,0.9999999999999999,0.9939301686993154,0.9907683082975121,0.9913826359090723,0.9943192640334261,0.9886089159842169,0.9870315257977856,0.99586247201479,0.9945889455499553,0.9944356882481837,0.991888472989464,0.9961228448518901,0.9887196492132498,0.9860838588844764,0.9873258644497284,0.9947855924848797,0.9914221449400469,0.9937569223875887,0.9926151826537531,0.990841034473234,0.9867321487912137,0.9933081611246317,0.9918355449727936,0.9938585091275484,0.9950949199411984,0.9891954690987761,0.9974046608987865,0.9907209456548297,0.9903128750671663,0.9884853200606318,0.9984745153357459,0.9917658793909654,0.9908649252347742,0.9909842071259829,0.9957737394937456,0.9882487008107994,0.9845036582376111,0.991946378754197,0.985299094855393,0.9850733013420927,0.9903181761200058,0.987675434890503,0.9800504822034936,0.9975437814898627,0.9884403193128644,0.997357364345488,0.9907241150573111,0.9877544400913808,0.9880991126306294,0.9872605020304545,0.9937164438114735,0.9915270438921411,0.9948709742165447,0.9876532442172412,0.9840170165493665,0.9909717021304346,0.9932367674562339,0.9936318736626106,0.9913920144693381,0.9915903891950516,0.9937756273035592,0.9974065506196752,0.9935175917236045,0.9891235313725723,0.9853037450932915,0.9923541050811757,0.9944893146000496,0.9915561775337509,0.9882869994267052,0.9937858385784228,0.9976331028010212,0.993954209380642,0.9919694267787382,0.9880379407889509,0.9940535449875167,0.9913750637355172,0.9960586762943782,0.98897812748612,0.9910206718486307,0.9878673751538871,0.9910777043648719,0.9939234389862662,0.9887159903858286,0.9935297364044424,0.9828320737667184,0.9887678667139091,0.9936772441707099,0.9931394732063017,0.9909707946510027,0.9888819032341922,0.9887822289712201,0.9949176918460377,0.9964124727026935,0.987465138925142,0.9938162195785464,0.9928827068273784,0.988615526299498,0.9939093960379829,0.9901004956288715,0.9885260516605445,0.994833950340173,0.9939547836900489,0.9914978677068124,0.9934783509399789,0.9888135248565524,0.9936541708827829,0.9913827456068598,0.9959290246419682,0.9904110085521326,0.9922894481909458,0.9900600190798764,0.9926782395386934,0.9908899150573407,0.9903905866507436,0.9949293291569955,0.9961170783208326,0.991055479528217,0.9929828809107496,0.9877230800619291,0.9896606389197259,0.9896396370569428,0.9886510178136735,0.9909880779669923,0.9885183248871618,0.9916372817150189,0.9948062723220434,0.9886949816591688,0.9908152948862817,0.9913323075162915,0.9899400118013985,0.9938142291892075,0.9851901166857788,0.9914350073145267,0.9914916132257139,0.985991208746979,0.9929760875621442,0.9910835449648608,0.9941111003346911,0.991335796731256,0.9944577319959312,0.9912656533800809,0.9918321008232989,0.9889157891330483,0.9919408223262581,0.9916345042408523,0.989475944345177,0.9908455686971512,0.9839224883284325,0.9923863893745758,0.9823409785463011,0.9912073172533228,0.9862448854184123,0.9932920877930392,0.9908886063694113,0.9888245404817547,0.9872756981960539,0.9920493462390072,0.9881331511636027
0.9977157802215139,0.9932171094142483,0.9957526729969712,0.9981679091407036,0.9953500994944094,0.996502741631807,0.9928032092453999,0.9942882575258825,0.9939301686993154,1.0,0.9976605696160407,0.9939122631783245,0.9957661253126597,0.9955801810072022,0.9953202594860495,0.9934075273948583,0.9962196261992617,0.9942048211791872,0.9940322530231749,0.9929755393365906,0.991104229520711,0.9891317064538842,0.9914366470986627,0.9938541251667456,0.9940783476877291,0.9957893044795273,0.9913839506178657,0.9976960159698736,0.9912419348356948,0.9910070456100492,0.9937509436335079,0.9916867205164885,0.9936224529515009,0.9955061861767902,0.9962849150269141,0.9982779404637103,0.9976950071732406,0.9915942834770605,0.9958106531759275,0.9930919382403777,0.9941319621486963,0.9935332017343932,0.9940609469541979,0.9958187365985046,0.9891056273233887,0.9934889995585989,0.9885514356364563,0.9889295991951834,0.9893637199452593,0.9961151606614417,0.9911258294849594,0.9911121881333657,0.9915795527179553,0.9916534938858116,0.9939003194389908,0.9908057939594537,0.9950896272551913,0.9911015444041217,0.990938456134923,0.9976827516889718,0.9896803710954997,0.9913916348071483,0.9932692993476524,0.9883874330672179,0.9917336247535149,0.9915132334831517,0.9915723281063867,0.9977457126424035,0.9918438319574177,0.9910291201535156,0.9957561955433031,0.9909374873264418,0.9890429417916466,0.99576446028912,0.9912591104310049,0.9889959634766559,0.995862965527175,0.9912002708084645,0.9962812654339589,0.9958095604885538,0.9914961581792275,0.9919039717376937,0.9912575644425842,0.9941516340609722,0.9936041276097966,0.9959186760816624,0.993498576425802,0.9955066730252091,0.9930233893894418,0.9906284767690945,0.9957578587413753,0.9952024404617487,0.9929840518732633,0.9918599768909773,0.9902020319690348,0.9904177920929096,0.9942287494668807,0.9907022103924201,0.9907829668338126,0.9934808114791321,0.9935962511528629,0.9910273219003266,0.9917392374050501,0.9921483156005713,0.9921057075671162,0.9919765819381613,0.9923072249813361,0.9917656723070726,0.9982821880366487,0.9955954631418786,0.9881920786425483,0.9904685769160883,0.9960837179335063,0.9920603963768403,0.9928744522177966,0.997739513344524,0.9932939836337656,0.9918601050378585,0.9936595340788344,0.9942269334238439,0.9937815408318452,0.9935428070654642,0.9940928325651767,0.9932052817313983,0.9898985928057813,0.9959435057139806,0.9916031272341911,0.9917329054628453,0.9895695000411059,0.9870192664393197,0.9877652355631754,0.9909929858892107,0.9937660020613223,0.9945885930038952,0.9912673470319061,0.9938228299828208,0.989462603144159,0.9965134789290031,0.9911120115034415,0.9940892619803188,0.9883934515981592,0.993473847738552,0.9931872023586124,0.995327575556802,0.9886518937546839,0.9955137731576068,0.9889212267429667,0.9880311398474714,0.9887285282770747,0.9920874397126008,0.9937258677644594,0.9907800213613269,0.9897490043718318,0.9938829639509521,0.9876329213113556,0.9933706699981034,0.9906253719984084,0.9915775001355881,0.9937797022506877,0.9953183660544794,0.9918727321398393,0.9890601947820691,0.9915145175602398,0.9955338072637844,0.9909607733942557,0.9901938108893688
0.995734284206448,0.9902356483959027,0.9931237081520007,0.9955334047938879,0.9930030463991416,0.9937964286386098,0.9892504168432983,0.9913957322919141,0.9907683082975121,0.9976605696160407,1.0000000000000002,0.9904794507910777,0.9926754071761436,0.9974137044141144,0.997270243540362,0.9900626583378478,0.9936440520507696,0.9912497297089431,0.9909052761514061,0.9897535121110466,0.992019433043476,0.984469439145193,0.9879203223054455,0.9956477102716889,0.9903505169184159,0.9975186815187138,0.9924700375154126,0.9948071293267445,0.992709450712195,0.9922348054117521,0.9948572782774755,0.9877659397495789,0.9900890473980265,0.9917182057269731,0.9935914589061496,0.9952751204597179,0.9949594167573894,0.987989906638863,0.9929973636682663,0.9895123450993583,0.9955492590506277,0.9904729361653171,0.9908427206880062,0.9925661977825699,0.98424597080885,0.9904059736441144,0.9900327850730284,0.984208946104869,0.985103368523714,0.9976873314706005,0.9864157499240923,0.9873338209125595,0.9874526733297175,0.9877519246368165,0.9907697686047668,0.9923904745905415,0.9911747088729139,0.9874874570915548,0.9870301311046729,0.9943366033914586,0.9909857744163841,0.99281973700102,0.9947174719260661,0.9887179589749687,0.9930033027321029,0.9878211259762528,0.9931371265819782,0.9948088824644624,0.9882496655459964,0.9867936575095714,0.997320240297059,0.9918008990623055,0.9902047915120822,0.9919369120607894,0.9870740628490113,0.984300449710166,0.9921315941752601,0.9873773759789577,0.9928220086551162,0.9923648096862258,0.9880128388653503,0.9931454648043488,0.9919526339561043,0.9911737199853069,0.9950331594515529,0.9970734601884953,0.995175809120002,0.9971337689817312,0.9945264879020674,0.9869368825799242,0.992381116236688,0.9911911509344304,0.9944953686876782,0.9928109595205311,0.985975539456504,0.9860403908527324,0.9909285463844995,0.9864832619747619,0.992314549707505,0.9903518191175514,0.9903699429083862,0.985818499274933,0.9876066633239244,0.9883029201908949,0.9882704053327713,0.988113131536042,0.9876116721341199,0.9878382329505142,0.9953972342883957,0.9920441777921305,0.9886798175156306,0.9918473008283126,0.992675604838621,0.9880571734188274,0.9882851957998389,0.9946579148629453,0.9944219496213637,0.9878891846681553,0.9896022082989059,0.9906973128539239,0.9893446971650828,0.9951292666386202,0.9908952325129744,0.9894426009963608,0.9906625989292857,0.9925168414478728,0.9874901895411757,0.9875572023808864,0.9854219407495808,0.9872416902379706,0.9889821263044376,0.9922178208812616,0.9954180287415556,0.9906660832964408,0.986978077119254,0.9890812941948117,0.9851251365701005,0.9927318049347975,0.9924676311932681,0.990257494337067,0.9835076496693019,0.9901725916180995,0.9886138734124439,0.9916459802264136,0.989655167422144,0.9928861997933287,0.9848246844721172,0.9830880384283257,0.9837004263923438,0.9884453139592394,0.9952109184993816,0.9922693170022745,0.9903268987176904,0.9897971668385421,0.9826524076500609,0.9889357594105007,0.9865235611917341,0.9931908617337996,0.9905987020022007,0.99191280907898,0.9880652451374138,0.9842421277333074,0.9880690625036105,0.9921156389304161,0.9867380008236979,0.9848084401674442
0.9958687388545041,0.9954437509805032,0.9934490026123004,0.9908471837356194,0.9974270881130327,0.994630808631771,0.9946796165838974,0.991451121975812,0.9913826359090723,0.9939122631783245,0.9904794507910777,1.0,0.9977557870517724,0.988043762175592,0.9922915947851586,0.9905656244734528,0.9936255425835065,0.9962097279362699,0.9908929984864964,0.9903688904479773,0.9924164492524087,0.9955340394369379,0.9929167944777187,0.9912404385693352,0.9962562649387507,0.9933924913096454,0.9930777582178185,0.9908498956007727,0.9929005447632075,0.9873966919756523,0.9953087342657201,0.9889677735000573,0.9957265057684032,0.9930062337082393,0.9943507147682883,0.991955045778397,0.9954012963932087,0.9932003909228809,0.9934853467629245,0.9950382562130456,0.9916200079774912,0.9953760367838428,0.9955548401504036,0.9932606530607758,0.9957415587843353,0.9906231822387737,0.989274559459072,0.9958796069604327,0.9903919185407509,0.9887902172086627,0.9869805136971338,0.9882808194160528,0.9975946731619239,0.9885759260162638,0.9955125691591017,0.9922524209532028,0.9923390413298725,0.9932199866513249,0.9877990265551587,0.9954839470648195,0.9908437488782876,0.9925574852244269,0.9896185011410913,0.9892198777840664,0.9927993606838149,0.9929798509301574,0.9931210031928914,0.9913364945475039,0.992700222480405,0.9927214713453199,0.9879581781780474,0.992431251175129,0.9901382374504755,0.9933642880678496,0.9922066734232917,0.995185950859487,0.9977626288473183,0.9874078903144994,0.9889268230537673,0.9878272478774207,0.9934734719978335,0.9887899542953693,0.9924174223045906,0.9954189121841744,0.9906173325197641,0.9930048941237462,0.9905302116000501,0.9877422656488483,0.9903454122099139,0.9870913154918062,0.9883229576370908,0.9923815597319916,0.9898004271243542,0.997728438401088,0.9917779483059308,0.9917360294300114,0.9918553536347228,0.9924038797744366,0.9871398956210242,0.9912946659038051,0.9904101269983071,0.9922297710569005,0.9976217868235069,0.9938356251395047,0.9888131904058087,0.9886085338405911,0.9888821767984679,0.9891517963242306,0.9918871838035913,0.9882962414486874,0.9892810619680489,0.9871147748222198,0.9881406810831256,0.993531187855533,0.9896970197912593,0.9910267753601248,0.9845854104832098,0.9983303132701717,0.9901270702177596,0.9955925177185198,0.9952907616056563,0.9949871395138541,0.9916569373627132,0.9947892603267561,0.9860696656228294,0.9930398683389466,0.9982152688716621,0.9927972786173531,0.9912859242153993,0.9928286235307302,0.9833517737441776,0.9877409925168735,0.9904885020247509,0.991393630158621,0.993441667615648,0.9908406546868269,0.9906422297908066,0.9933821207118756,0.9871475279317707,0.9902104101469307,0.9890043276774834,0.9909765566607207,0.9901237881194935,0.9877961651021071,0.9839691928166152,0.993489222753512,0.989712265476925,0.9894476762596583,0.9905140369172857,0.9937871983763243,0.9852941825519023,0.9878580275068417,0.9955138979165196,0.9908067807595845,0.9889039456199338,0.9955365042685347,0.9926868530607216,0.9870428621685129,0.9916762093243428,0.9929380679925062,0.9930780228870614,0.9949797869780204,0.9927375991108595,0.9927090384403807,0.9927879555179369,0.9863424562638677
